{"NodeNum": 30.0, "flow(wij)": [[0.0, 2317.0, 3152.0, 3964.0, 2397.0, 3581.0, 3512.0, 3948.0, 2625.0, 3837.0, 3526.0, 3198.0, 2762.0, 2048.0, 3884.0, 3200.0, 2817.0, 3032.0, 3554.0, 3043.0, 2777.0, 2578.0, 3694.0, 3689.0, 2920.0, 1815.0, 3652.0, 3420.0, 3932.0, 3315.0], [2317.0, 0.0, 3873.0, 3230.0, 2453.0, 2585.0, 3006.0, 3919.0, 2638.0, 2624.0, 3502.0, 3521.0, 3002.0, 2125.0, 3480.0, 3228.0, 3764.0, 2996.0, 2497.0, 3392.0, 3448.0, 3334.0, 3416.0, 2984.0, 3921.0, 3781.0, 3811.0, 2653.0, 3247.0, 3978.0], [3152.0, 3873.0, 0.0, 3167.0, 2693.0, 2673.0, 3655.0, 3658.0, 2664.0, 3806.0, 2775.0, 2533.0, 3179.0, 2677.0, 3140.0, 1967.0, 2461.0, 3622.0, 3638.0, 2471.0, 2926.0, 3640.0, 3582.0, 3879.0, 2433.0, 2935.0, 3279.0, 3619.0, 3174.0, 3820.0], [3964.0, 3230.0, 3167.0, 0.0, 2215.0, 3146.0, 3249.0, 2667.0, 3251.0, 3545.0, 1848.0, 2171.0, 3956.0, 3978.0, 2792.0, 3784.0, 3657.0, 2236.0, 3758.0, 3526.0, 1850.0, 3522.0, 3130.0, 3371.0, 3824.0, 3239.0, 3610.0, 3817.0, 3367.0, 3459.0], [2397.0, 2453.0, 2693.0, 2215.0, 0.0, 3671.0, 3127.0, 3682.0, 3767.0, 2902.0, 3598.0, 2928.0, 2300.0, 3260.0, 3269.0, 2108.0, 2115.0, 3059.0, 2902.0, 3625.0, 2468.0, 3456.0, 2994.0, 3593.0, 3538.0, 3202.0, 3976.0, 3491.0, 3716.0, 3129.0], [3581.0, 2585.0, 2673.0, 3146.0, 3671.0, 0.0, 3995.0, 3531.0, 2883.0, 1972.0, 1599.0, 3920.0, 3118.0, 3433.0, 3805.0, 3383.0, 2148.0, 3002.0, 3073.0, 3947.0, 3862.0, 3831.0, 3798.0, 2980.0, 3298.0, 3051.0, 2251.0, 2650.0, 2586.0, 3955.0], [3512.0, 3006.0, 3655.0, 3249.0, 3127.0, 3995.0, 0.0, 2589.0, 2779.0, 3803.0, 3574.0, 3428.0, 2444.0, 3650.0, 3545.0, 3320.0, 2996.0, 3530.0, 2602.0, 1588.0, 2315.0, 2487.0, 3800.0, 2929.0, 2178.0, 3760.0, 3068.0, 3688.0, 3459.0, 3960.0], [3948.0, 3919.0, 3658.0, 2667.0, 3682.0, 3531.0, 2589.0, 0.0, 3242.0, 3464.0, 2446.0, 3322.0, 2780.0, 3045.0, 3866.0, 3581.0, 2892.0, 2917.0, 3902.0, 2908.0, 2553.0, 3199.0, 3108.0, 3492.0, 2647.0, 2654.0, 3090.0, 1919.0, 3749.0, 3069.0], [2625.0, 2638.0, 2664.0, 3251.0, 3767.0, 2883.0, 2779.0, 3242.0, 0.0, 3629.0, 2961.0, 3518.0, 3418.0, 3938.0, 3288.0, 3263.0, 3204.0, 2346.0, 3058.0, 3459.0, 3396.0, 2105.0, 3698.0, 2494.0, 2671.0, 2742.0, 2174.0, 3628.0, 3496.0, 3157.0], [3837.0, 2624.0, 3806.0, 3545.0, 2902.0, 1972.0, 3803.0, 3464.0, 3629.0, 0.0, 2503.0, 2294.0, 3803.0, 3573.0, 3346.0, 2524.0, 3875.0, 2352.0, 3329.0, 2300.0, 3950.0, 2799.0, 1677.0, 3049.0, 2816.0, 3369.0, 3510.0, 3208.0, 3266.0, 3232.0], [3526.0, 3502.0, 2775.0, 1848.0, 3598.0, 1599.0, 3574.0, 2446.0, 2961.0, 2503.0, 0.0, 3674.0, 2966.0, 2396.0, 3183.0, 2658.0, 2447.0, 3413.0, 3702.0, 3541.0, 3809.0, 2589.0, 3292.0, 2940.0, 3665.0, 3664.0, 3829.0, 3354.0, 2209.0, 3789.0], [3198.0, 3521.0, 2533.0, 2171.0, 2928.0, 3920.0, 3428.0, 3322.0, 3518.0, 2294.0, 3674.0, 0.0, 2477.0, 3223.0, 3316.0, 3717.0, 3383.0, 3551.0, 3777.0, 3516.0, 3562.0, 2798.0, 3462.0, 2697.0, 3940.0, 3113.0, 3849.0, 3727.0, 3460.0, 3244.0], [2762.0, 3002.0, 3179.0, 3956.0, 2300.0, 3118.0, 2444.0, 2780.0, 3418.0, 3803.0, 2966.0, 2477.0, 0.0, 3842.0, 1944.0, 3897.0, 3286.0, 3934.0, 3796.0, 3741.0, 3555.0, 3302.0, 3698.0, 3378.0, 1764.0, 2479.0, 3149.0, 2885.0, 2687.0, 3102.0], [2048.0, 2125.0, 2677.0, 3978.0, 3260.0, 3433.0, 3650.0, 3045.0, 3938.0, 3573.0, 2396.0, 3223.0, 3842.0, 0.0, 3580.0, 2655.0, 2870.0, 3346.0, 2180.0, 2855.0, 3426.0, 2690.0, 2953.0, 3257.0, 1940.0, 2940.0, 3988.0, 2393.0, 3912.0, 2364.0], [3884.0, 3480.0, 3140.0, 2792.0, 3269.0, 3805.0, 3545.0, 3866.0, 3288.0, 3346.0, 3183.0, 3316.0, 1944.0, 3580.0, 0.0, 3552.0, 3371.0, 3140.0, 3018.0, 3585.0, 1980.0, 3795.0, 3362.0, 2955.0, 3185.0, 3857.0, 2474.0, 2076.0, 3471.0, 3546.0], [3200.0, 3228.0, 1967.0, 3784.0, 2108.0, 3383.0, 3320.0, 3581.0, 3263.0, 2524.0, 2658.0, 3717.0, 3897.0, 2655.0, 3552.0, 0.0, 3472.0, 3269.0, 1870.0, 3924.0, 3707.0, 2643.0, 2998.0, 3221.0, 2789.0, 2268.0, 3599.0, 3498.0, 3625.0, 3360.0], [2817.0, 3764.0, 2461.0, 3657.0, 2115.0, 2148.0, 2996.0, 2892.0, 3204.0, 3875.0, 2447.0, 3383.0, 3286.0, 2870.0, 3371.0, 3472.0, 0.0, 3985.0, 2706.0, 3788.0, 3385.0, 2179.0, 2925.0, 3175.0, 3358.0, 2849.0, 1850.0, 3849.0, 2895.0, 3408.0], [3032.0, 2996.0, 3622.0, 2236.0, 3059.0, 3002.0, 3530.0, 2917.0, 2346.0, 2352.0, 3413.0, 3551.0, 3934.0, 3346.0, 3140.0, 3269.0, 3985.0, 0.0, 2619.0, 3840.0, 2724.0, 3638.0, 3835.0, 3359.0, 3072.0, 2034.0, 3988.0, 3085.0, 2755.0, 3400.0], [3554.0, 2497.0, 3638.0, 3758.0, 2902.0, 3073.0, 2602.0, 3902.0, 3058.0, 3329.0, 3702.0, 3777.0, 3796.0, 2180.0, 3018.0, 1870.0, 2706.0, 2619.0, 0.0, 3227.0, 2545.0, 3432.0, 3637.0, 3445.0, 3601.0, 2702.0, 3779.0, 2581.0, 3638.0, 2688.0], [3043.0, 3392.0, 2471.0, 3526.0, 3625.0, 3947.0, 1588.0, 2908.0, 3459.0, 2300.0, 3541.0, 3516.0, 3741.0, 2855.0, 3585.0, 3924.0, 3788.0, 3840.0, 3227.0, 0.0, 3029.0, 3181.0, 3709.0, 2748.0, 3790.0, 3689.0, 3035.0, 3697.0, 3265.0, 3407.0], [2777.0, 3448.0, 2926.0, 1850.0, 2468.0, 3862.0, 2315.0, 2553.0, 3396.0, 3950.0, 3809.0, 3562.0, 3555.0, 3426.0, 1980.0, 3707.0, 3385.0, 2724.0, 2545.0, 3029.0, 0.0, 3160.0, 3735.0, 3854.0, 3316.0, 2936.0, 3785.0, 3020.0, 2435.0, 3611.0], [2578.0, 3334.0, 3640.0, 3522.0, 3456.0, 3831.0, 2487.0, 3199.0, 2105.0, 2799.0, 2589.0, 2798.0, 3302.0, 2690.0, 3795.0, 2643.0, 2179.0, 3638.0, 3432.0, 3181.0, 3160.0, 0.0, 3828.0, 3669.0, 3900.0, 3031.0, 3960.0, 3758.0, 3924.0, 3256.0], [3694.0, 3416.0, 3582.0, 3130.0, 2994.0, 3798.0, 3800.0, 3108.0, 3698.0, 1677.0, 3292.0, 3462.0, 3698.0, 2953.0, 3362.0, 2998.0, 2925.0, 3835.0, 3637.0, 3709.0, 3735.0, 3828.0, 0.0, 1643.0, 3478.0, 3756.0, 3946.0, 2482.0, 3613.0, 3319.0], [3689.0, 2984.0, 3879.0, 3371.0, 3593.0, 2980.0, 2929.0, 3492.0, 2494.0, 3049.0, 2940.0, 2697.0, 3378.0, 3257.0, 2955.0, 3221.0, 3175.0, 3359.0, 3445.0, 2748.0, 3854.0, 3669.0, 1643.0, 0.0, 3965.0, 3768.0, 1916.0, 3813.0, 3719.0, 3122.0], [2920.0, 3921.0, 2433.0, 3824.0, 3538.0, 3298.0, 2178.0, 2647.0, 2671.0, 2816.0, 3665.0, 3940.0, 1764.0, 1940.0, 3185.0, 2789.0, 3358.0, 3072.0, 3601.0, 3790.0, 3316.0, 3900.0, 3478.0, 3965.0, 0.0, 3099.0, 2057.0, 3684.0, 2812.0, 2827.0], [1815.0, 3781.0, 2935.0, 3239.0, 3202.0, 3051.0, 3760.0, 2654.0, 2742.0, 3369.0, 3664.0, 3113.0, 2479.0, 2940.0, 3857.0, 2268.0, 2849.0, 2034.0, 2702.0, 3689.0, 2936.0, 3031.0, 3756.0, 3768.0, 3099.0, 0.0, 3586.0, 2406.0, 2461.0, 3670.0], [3652.0, 3811.0, 3279.0, 3610.0, 3976.0, 2251.0, 3068.0, 3090.0, 2174.0, 3510.0, 3829.0, 3849.0, 3149.0, 3988.0, 2474.0, 3599.0, 1850.0, 3988.0, 3779.0, 3035.0, 3785.0, 3960.0, 3946.0, 1916.0, 2057.0, 3586.0, 0.0, 2727.0, 2099.0, 2551.0], [3420.0, 2653.0, 3619.0, 3817.0, 3491.0, 2650.0, 3688.0, 1919.0, 3628.0, 3208.0, 3354.0, 3727.0, 2885.0, 2393.0, 2076.0, 3498.0, 3849.0, 3085.0, 2581.0, 3697.0, 3020.0, 3758.0, 2482.0, 3813.0, 3684.0, 2406.0, 2727.0, 0.0, 3988.0, 3124.0], [3932.0, 3247.0, 3174.0, 3367.0, 3716.0, 2586.0, 3459.0, 3749.0, 3496.0, 3266.0, 2209.0, 3460.0, 2687.0, 3912.0, 3471.0, 3625.0, 2895.0, 2755.0, 3638.0, 3265.0, 2435.0, 3924.0, 3613.0, 3719.0, 2812.0, 2461.0, 2099.0, 3988.0, 0.0, 3987.0], [3315.0, 3978.0, 3820.0, 3459.0, 3129.0, 3955.0, 3960.0, 3069.0, 3157.0, 3232.0, 3789.0, 3244.0, 3102.0, 2364.0, 3546.0, 3360.0, 3408.0, 3400.0, 2688.0, 3407.0, 3611.0, 3256.0, 3319.0, 3122.0, 2827.0, 3670.0, 2551.0, 3124.0, 3987.0, 0.0]], "varCost(cij)": [[0.0, 33.0, 24.0, 32.0, 29.0, 40.0, 49.0, 17.0, 42.0, 48.0, 43.0, 46.0, 28.0, 16.0, 38.0, 46.0, 37.0, 36.0, 45.0, 48.0, 24.0, 48.0, 24.0, 21.0, 20.0, 47.0, 31.0, 39.0, 37.0, 23.0], [33.0, 0.0, 32.0, 34.0, 26.0, 17.0, 38.0, 26.0, 24.0, 33.0, 32.0, 21.0, 49.0, 43.0, 32.0, 23.0, 26.0, 40.0, 37.0, 22.0, 15.0, 23.0, 45.0, 38.0, 49.0, 35.0, 36.0, 40.0, 37.0, 34.0], [24.0, 32.0, 0.0, 28.0, 49.0, 28.0, 41.0, 48.0, 25.0, 37.0, 38.0, 42.0, 28.0, 42.0, 37.0, 37.0, 37.0, 38.0, 38.0, 34.0, 43.0, 32.0, 27.0, 43.0, 37.0, 35.0, 35.0, 43.0, 47.0, 21.0], [32.0, 34.0, 28.0, 0.0, 42.0, 46.0, 39.0, 44.0, 34.0, 42.0, 36.0, 26.0, 42.0, 23.0, 33.0, 37.0, 26.0, 40.0, 48.0, 33.0, 15.0, 38.0, 41.0, 33.0, 43.0, 44.0, 39.0, 34.0, 41.0, 28.0], [29.0, 26.0, 49.0, 42.0, 0.0, 44.0, 37.0, 32.0, 28.0, 32.0, 27.0, 28.0, 48.0, 41.0, 35.0, 32.0, 27.0, 42.0, 22.0, 21.0, 35.0, 46.0, 39.0, 43.0, 31.0, 47.0, 45.0, 41.0, 19.0, 26.0], [40.0, 17.0, 28.0, 46.0, 44.0, 0.0, 37.0, 27.0, 21.0, 43.0, 48.0, 13.0, 44.0, 47.0, 23.0, 34.0, 43.0, 41.0, 11.0, 28.0, 20.0, 35.0, 43.0, 24.0, 18.0, 45.0, 39.0, 40.0, 49.0, 25.0], [49.0, 38.0, 41.0, 39.0, 37.0, 37.0, 0.0, 49.0, 40.0, 12.0, 48.0, 17.0, 33.0, 49.0, 38.0, 40.0, 31.0, 39.0, 24.0, 15.0, 46.0, 45.0, 18.0, 28.0, 20.0, 24.0, 34.0, 44.0, 38.0, 40.0], [17.0, 26.0, 48.0, 44.0, 32.0, 27.0, 49.0, 0.0, 26.0, 49.0, 20.0, 46.0, 32.0, 34.0, 39.0, 23.0, 42.0, 36.0, 46.0, 32.0, 18.0, 37.0, 34.0, 18.0, 27.0, 38.0, 20.0, 27.0, 36.0, 30.0], [42.0, 24.0, 25.0, 34.0, 28.0, 21.0, 40.0, 26.0, 0.0, 38.0, 30.0, 36.0, 25.0, 45.0, 48.0, 42.0, 42.0, 36.0, 49.0, 24.0, 44.0, 27.0, 45.0, 36.0, 34.0, 39.0, 46.0, 28.0, 44.0, 22.0], [48.0, 33.0, 37.0, 42.0, 32.0, 43.0, 12.0, 49.0, 38.0, 0.0, 30.0, 36.0, 44.0, 28.0, 30.0, 42.0, 43.0, 49.0, 37.0, 28.0, 28.0, 19.0, 39.0, 39.0, 31.0, 48.0, 30.0, 49.0, 40.0, 37.0], [43.0, 32.0, 38.0, 36.0, 27.0, 48.0, 48.0, 20.0, 30.0, 30.0, 0.0, 23.0, 30.0, 25.0, 35.0, 19.0, 31.0, 27.0, 37.0, 24.0, 45.0, 36.0, 21.0, 44.0, 43.0, 45.0, 23.0, 44.0, 26.0, 26.0], [46.0, 21.0, 42.0, 26.0, 28.0, 13.0, 17.0, 46.0, 36.0, 36.0, 23.0, 0.0, 33.0, 29.0, 29.0, 48.0, 49.0, 24.0, 23.0, 38.0, 14.0, 31.0, 43.0, 30.0, 45.0, 15.0, 36.0, 33.0, 23.0, 47.0], [28.0, 49.0, 28.0, 42.0, 48.0, 44.0, 33.0, 32.0, 25.0, 44.0, 30.0, 33.0, 0.0, 46.0, 37.0, 48.0, 18.0, 23.0, 44.0, 43.0, 31.0, 48.0, 36.0, 28.0, 40.0, 24.0, 40.0, 48.0, 38.0, 48.0], [16.0, 43.0, 42.0, 23.0, 41.0, 47.0, 49.0, 34.0, 45.0, 28.0, 25.0, 29.0, 46.0, 0.0, 25.0, 25.0, 43.0, 37.0, 47.0, 25.0, 47.0, 43.0, 41.0, 49.0, 46.0, 44.0, 35.0, 38.0, 26.0, 45.0], [38.0, 32.0, 37.0, 33.0, 35.0, 23.0, 38.0, 39.0, 48.0, 30.0, 35.0, 29.0, 37.0, 25.0, 0.0, 31.0, 27.0, 45.0, 33.0, 38.0, 24.0, 38.0, 45.0, 46.0, 38.0, 38.0, 45.0, 26.0, 45.0, 28.0], [46.0, 23.0, 37.0, 37.0, 32.0, 34.0, 40.0, 23.0, 42.0, 42.0, 19.0, 48.0, 48.0, 25.0, 31.0, 0.0, 40.0, 28.0, 24.0, 47.0, 24.0, 35.0, 32.0, 44.0, 41.0, 41.0, 48.0, 39.0, 18.0, 25.0], [37.0, 26.0, 37.0, 26.0, 27.0, 43.0, 31.0, 42.0, 42.0, 43.0, 31.0, 49.0, 18.0, 43.0, 27.0, 40.0, 0.0, 20.0, 42.0, 37.0, 31.0, 29.0, 47.0, 46.0, 38.0, 34.0, 49.0, 46.0, 32.0, 42.0], [36.0, 40.0, 38.0, 40.0, 42.0, 41.0, 39.0, 36.0, 36.0, 49.0, 27.0, 24.0, 23.0, 37.0, 45.0, 28.0, 20.0, 0.0, 49.0, 20.0, 22.0, 46.0, 38.0, 49.0, 32.0, 40.0, 48.0, 34.0, 29.0, 38.0], [45.0, 37.0, 38.0, 48.0, 22.0, 11.0, 24.0, 46.0, 49.0, 37.0, 37.0, 23.0, 44.0, 47.0, 33.0, 24.0, 42.0, 49.0, 0.0, 45.0, 32.0, 43.0, 25.0, 46.0, 38.0, 46.0, 47.0, 47.0, 22.0, 42.0], [48.0, 22.0, 34.0, 33.0, 21.0, 28.0, 15.0, 32.0, 24.0, 28.0, 24.0, 38.0, 43.0, 25.0, 38.0, 47.0, 37.0, 20.0, 45.0, 0.0, 33.0, 37.0, 38.0, 42.0, 46.0, 47.0, 45.0, 29.0, 47.0, 20.0], [24.0, 15.0, 43.0, 15.0, 35.0, 20.0, 46.0, 18.0, 44.0, 28.0, 45.0, 14.0, 31.0, 47.0, 24.0, 24.0, 31.0, 22.0, 32.0, 33.0, 0.0, 39.0, 48.0, 40.0, 48.0, 38.0, 42.0, 47.0, 31.0, 32.0], [48.0, 23.0, 32.0, 38.0, 46.0, 35.0, 45.0, 37.0, 27.0, 19.0, 36.0, 31.0, 48.0, 43.0, 38.0, 35.0, 29.0, 46.0, 43.0, 37.0, 39.0, 0.0, 24.0, 32.0, 44.0, 48.0, 27.0, 34.0, 48.0, 24.0], [24.0, 45.0, 27.0, 41.0, 39.0, 43.0, 18.0, 34.0, 45.0, 39.0, 21.0, 43.0, 36.0, 41.0, 45.0, 32.0, 47.0, 38.0, 25.0, 38.0, 48.0, 24.0, 0.0, 43.0, 36.0, 40.0, 41.0, 36.0, 45.0, 32.0], [21.0, 38.0, 43.0, 33.0, 43.0, 24.0, 28.0, 18.0, 36.0, 39.0, 44.0, 30.0, 28.0, 49.0, 46.0, 44.0, 46.0, 49.0, 46.0, 42.0, 40.0, 32.0, 43.0, 0.0, 46.0, 31.0, 40.0, 37.0, 17.0, 11.0], [20.0, 49.0, 37.0, 43.0, 31.0, 18.0, 20.0, 27.0, 34.0, 31.0, 43.0, 45.0, 40.0, 46.0, 38.0, 41.0, 38.0, 32.0, 38.0, 46.0, 48.0, 44.0, 36.0, 46.0, 0.0, 38.0, 45.0, 35.0, 43.0, 48.0], [47.0, 35.0, 35.0, 44.0, 47.0, 45.0, 24.0, 38.0, 39.0, 48.0, 45.0, 15.0, 24.0, 44.0, 38.0, 41.0, 34.0, 40.0, 46.0, 47.0, 38.0, 48.0, 40.0, 31.0, 38.0, 0.0, 48.0, 26.0, 25.0, 49.0], [31.0, 36.0, 35.0, 39.0, 45.0, 39.0, 34.0, 20.0, 46.0, 30.0, 23.0, 36.0, 40.0, 35.0, 45.0, 48.0, 49.0, 48.0, 47.0, 45.0, 42.0, 27.0, 41.0, 40.0, 45.0, 48.0, 0.0, 35.0, 30.0, 41.0], [39.0, 40.0, 43.0, 34.0, 41.0, 40.0, 44.0, 27.0, 28.0, 49.0, 44.0, 33.0, 48.0, 38.0, 26.0, 39.0, 46.0, 34.0, 47.0, 29.0, 47.0, 34.0, 36.0, 37.0, 35.0, 26.0, 35.0, 0.0, 48.0, 49.0], [37.0, 37.0, 47.0, 41.0, 19.0, 49.0, 38.0, 36.0, 44.0, 40.0, 26.0, 23.0, 38.0, 26.0, 45.0, 18.0, 32.0, 29.0, 22.0, 47.0, 31.0, 48.0, 45.0, 17.0, 43.0, 25.0, 30.0, 48.0, 0.0, 23.0], [23.0, 34.0, 21.0, 28.0, 26.0, 25.0, 40.0, 30.0, 22.0, 37.0, 26.0, 47.0, 48.0, 45.0, 28.0, 25.0, 42.0, 38.0, 42.0, 20.0, 32.0, 24.0, 32.0, 11.0, 48.0, 49.0, 41.0, 49.0, 23.0, 0.0]], "fixCost(fk)": [430084.0, 344409.0, 546234.0, 340172.0, 307663.0, 483338.0, 552200.0, 545534.0, 439602.0, 367731.0, 543284.0, 398648.0, 525706.0, 395151.0, 319939.0, 318963.0, 526494.0, 557531.0, 447376.0, 392000.0, 301792.0, 409837.0, 533561.0, 428622.0, 351633.0, 540147.0, 599919.0, 581919.0, 448073.0, 516369.0], "alpha": 0.65, "Cap(ckmax)": [416332.0, 559774.0, 384314.0, 593642.0, 343748.0, 360950.0, 528821.0, 351214.0, 508482.0, 515547.0, 359832.0, 502066.0, 424850.0, 514070.0, 437666.0, 417377.0, 373345.0, 526837.0, 520895.0, 489192.0, 534167.0, 383629.0, 470803.0, 599319.0, 537178.0, 540386.0, 517158.0, 328758.0, 395067.0, 313109.0]}